1	-0.0657	-0.0499	-0.1205	-0.1388	-0.1370	-0.1339	-0.1652	-0.1053	-0.1474	-0.1833	-0.1363	-0.1527	-0.1217	-0.0975	-0.0930	-0.1338	-0.1357	-0.1249	-0.1345	-0.1097	-0.1258	-0.0959	-0.0986	-0.0578	-0.0764	-0.0524	-0.0873	-0.0717	0.0267	0.2960	-0.0548	-0.0602	-0.0636	-0.0867	-0.0481	-0.0796	-0.0783	-0.0416
-0.0657	1	-0.0666	-0.0939	-0.1034	0.0265	0.1230	0.1173	0.0521	0.0419	-0.1575	-0.0710	-0.1283	-0.0902	-0.1150	0.0418	0.1425	-0.0807	-0.1012	-0.1360	-0.1296	-0.0938	-0.0801	-0.0855	0.0497	-0.1368	-0.1051	-0.1211	-0.1285	-0.1191	-0.0838	-0.1034	-0.1148	-0.0818	-0.0969	-0.1161	-0.0591	-0.1039	0.0408
-0.0499	-0.0666	1	-0.1393	-0.1209	-0.1212	-0.0962	-0.1348	-0.1018	-0.1274	-0.1510	-0.1056	-0.1201	0.0133	-0.0756	0.0209	-0.0977	-0.1034	-0.0845	-0.1262	-0.1137	-0.1043	-0.0879	-0.0812	-0.0431	0.0717	0.0612	-0.0634	-0.0801	-0.0667	-0.0527	-0.0580	-0.0834	-0.0616	-0.0611	-0.0810	-0.0715	0.0497	-0.0557
-0.1205	-0.0939	-0.1393	1	0.4140	0.6446	0.0643	0.2814	0.2517	0.2928	0.2628	0.2612	0.1550	0.0478	0.0773	0.0955	0.1736	0.2287	0.0599	0.0629	0.1859	0.1635	0.3151	0.2381	-0.1307	-0.1254	-0.0615	0.0019	0.1352	-0.0374	-0.0490	-0.0548	0.0172	0.0201	-0.1525	-0.2029	-0.1131	-0.1394	-0.1090
-0.1388	-0.1034	-0.1209	0.4140	1	0.4467	0.0439	0.0223	0.0861	0.1769	0.3043	0.2204	0.2665	0.0919	-0.0449	0.1968	0.3139	0.1458	0.1701	0.2196	0.3317	0.3228	0.3453	0.3584	-0.1235	-0.0491	-0.0539	-0.0510	-0.0143	-0.1499	-0.1160	-0.1325	0.0306	-0.0198	-0.0653	-0.1562	-0.0978	-0.0642	-0.0447
-0.1370	0.0265	-0.1212	0.6446	0.4467	1	0.1987	0.3055	0.2601	0.2654	0.3191	0.2302	0.2623	0.1603	0.1240	0.2774	0.3758	0.2961	0.2044	0.1971	0.1798	0.3644	0.4115	0.4097	-0.1302	-0.0879	-0.0717	-0.0749	-0.1048	-0.1507	-0.1194	-0.1498	-0.0103	-0.1053	-0.1632	-0.2101	-0.0348	-0.1587	-0.1155
-0.1339	0.1230	-0.0962	0.0643	0.0439	0.1987	1	0.5956	0.6208	0.4302	0.0712	0.3521	0.2150	0.3158	0.0252	0.3462	0.5316	0.1779	0.0444	0.0501	0.0618	0.1832	0.3659	0.3252	-0.1205	-0.1283	-0.0350	-0.0273	-0.0180	-0.1470	-0.1081	-0.1445	-0.0265	-0.0025	-0.0232	-0.1624	-0.0664	-0.0293	-0.0960
-0.1652	0.1173	-0.1348	0.2814	0.0223	0.3055	0.5956	1	0.5877	0.4816	0.3883	0.4702	0.4211	0.3668	0.2050	0.2124	0.4278	0.2771	0.1419	0.0455	0.1139	0.0253	0.2530	0.1107	-0.1563	-0.1786	-0.1637	0.0505	-0.1615	-0.1799	-0.1551	-0.1818	-0.0290	-0.1300	-0.1568	-0.2675	-0.1378	-0.0789	-0.1491
-0.1053	0.0521	-0.1018	0.2517	0.0861	0.2601	0.6208	0.5877	1	0.5584	0.1872	0.4387	0.2220	0.2703	0.0791	0.2368	0.4245	0.1851	0.1021	0.1269	0.1857	0.0641	0.3834	0.2096	-0.1095	-0.1147	-0.0076	-0.0256	-0.0281	-0.0552	-0.0275	-0.1197	0.0447	-0.0002	-0.0257	-0.1376	-0.0062	-0.0728	-0.0214
-0.1474	0.0419	-0.1274	0.2928	0.1769	0.2654	0.4302	0.4816	0.5584	1	0.2733	0.4116	0.1998	0.3830	0.0999	0.3219	0.5701	0.3481	0.2958	0.3470	0.2475	0.2661	0.4231	0.1410	-0.0819	-0.0904	-0.0743	0.0239	0.1305	-0.1457	-0.0798	-0.0772	0.0746	0.0415	-0.0904	-0.1910	-0.1007	-0.0924	-0.0720
-0.1833	-0.1575	-0.1510	0.2628	0.3043	0.3191	0.0712	0.3883	0.1872	0.2733	1	0.3730	0.4555	0.4394	0.2535	0.1813	0.2651	0.5091	0.4829	0.4480	0.4198	0.2428	0.2549	0.3702	-0.1710	-0.0566	-0.1612	0.0110	-0.1937	-0.2036	-0.1723	-0.0854	0.0598	-0.1588	-0.2236	-0.2886	-0.2148	-0.2021	-0.1698
-0.1363	-0.0710	-0.1056	0.2612	0.2204	0.2302	0.3521	0.4702	0.4387	0.4116	0.3730	1	0.5381	0.3701	0.1343	0.2386	0.3596	0.2127	0.3307	0.1207	0.2040	0.0755	0.2247	0.0821	-0.1272	-0.0842	-0.0829	0.0168	-0.1440	-0.1569	-0.1260	-0.1514	0.0262	-0.0088	-0.0827	-0.1769	-0.0424	-0.0975	-0.1183
-0.1527	-0.1283	-0.1201	0.1550	0.2665	0.2623	0.2150	0.4211	0.2220	0.1998	0.4555	0.5381	1	0.4970	0.2278	0.0948	0.2291	0.1614	0.2652	0.2304	0.2091	0.1721	0.2833	0.1883	-0.1289	-0.0055	-0.1223	0.0787	-0.1416	-0.1246	-0.1181	-0.1571	0.2447	-0.1184	-0.1621	-0.2418	-0.1385	-0.1440	-0.1273
-0.1217	-0.0902	0.0133	0.0478	0.0919	0.1603	0.3158	0.3668	0.2703	0.3830	0.4394	0.3701	0.4970	1	0.3580	0.2874	0.3266	0.2184	0.4053	0.2712	0.2358	0.2079	0.3763	0.3035	-0.0627	0.0749	-0.0198	-0.0192	-0.0561	-0.1352	-0.0721	-0.0692	0.0186	-0.0991	-0.0858	-0.1581	-0.1149	-0.0405	-0.0695
-0.0975	-0.1150	-0.0756	0.0773	-0.0449	0.1240	0.0252	0.2050	0.0791	0.0999	0.2535	0.1343	0.2278	0.3580	1	0.1933	0.1277	0.1628	0.2542	-0.0461	-0.0262	-0.0099	0.0758	0.1738	-0.1106	0.0835	0.0480	0.1492	-0.1253	0.0618	0.0226	-0.1300	0.0305	-0.1147	-0.1580	-0.1810	-0.1772	-0.1442	-0.1278
-0.0930	0.0418	0.0209	0.0955	0.1968	0.2774	0.3462	0.2124	0.2368	0.3219	0.1813	0.2386	0.0948	0.2874	0.1933	1	0.5419	0.3918	0.2448	0.0282	0.1211	0.3372	0.3645	0.2868	-0.0547	0.0197	0.0628	-0.0230	-0.0906	-0.1076	-0.0299	-0.0624	0.0600	0.0231	-0.0707	-0.1302	-0.0803	-0.0686	-0.0231
-0.1338	0.1425	-0.0977	0.1736	0.3139	0.3758	0.5316	0.4278	0.4245	0.5701	0.2651	0.3596	0.2291	0.3266	0.1277	0.5419	1	0.3648	0.3164	0.1663	0.1810	0.3165	0.4314	0.3327	-0.1184	-0.1270	-0.0743	-0.0107	-0.0688	-0.1666	-0.1171	-0.1389	-0.0248	-0.0113	-0.0820	-0.1720	0.0312	-0.0933	-0.1029
-0.1357	-0.0807	-0.1034	0.2287	0.1458	0.2961	0.1779	0.2771	0.1851	0.3481	0.5091	0.2127	0.1614	0.2184	0.1628	0.3918	0.3648	1	0.3883	0.2827	0.1449	0.2619	0.2994	0.3517	-0.1185	-0.0945	-0.0139	-0.0138	-0.1132	-0.1401	-0.1073	-0.0622	0.1540	-0.0284	-0.1432	-0.1873	-0.1283	-0.0850	-0.0547
-0.1249	-0.1012	-0.0845	0.0599	0.1701	0.2044	0.0444	0.1419	0.1021	0.2958	0.4829	0.3307	0.2652	0.4053	0.2542	0.2448	0.3164	0.3883	1	0.1909	0.3453	0.1429	0.2833	0.2165	-0.0577	0.0601	0.0290	-0.0524	-0.1192	-0.1404	-0.1045	-0.0700	0.0781	-0.0025	-0.0878	-0.0241	-0.1162	-0.1260	-0.1022
-0.1345	-0.1360	-0.1262	0.0629	0.2196	0.1971	0.0501	0.0455	0.1269	0.3470	0.4480	0.1207	0.2304	0.2712	-0.0461	0.0282	0.1663	0.2827	0.1909	1	0.5106	0.5367	0.3890	0.3707	-0.1218	-0.0282	-0.1356	-0.1272	-0.0844	-0.1591	-0.1177	-0.0142	0.0087	-0.1238	-0.1717	-0.2234	-0.1426	-0.1460	-0.1117
-0.1097	-0.1296	-0.1137	0.1859	0.3317	0.1798	0.0618	0.1139	0.1857	0.2475	0.4198	0.2040	0.2091	0.2358	-0.0262	0.1211	0.1810	0.1449	0.3453	0.5106	1	0.4520	0.4538	0.3710	-0.1053	0.0125	-0.0924	-0.1033	-0.0072	-0.1089	-0.0366	-0.1111	0.1342	-0.0319	-0.1384	-0.1669	-0.1196	-0.1258	-0.0910
-0.1258	-0.0938	-0.1043	0.1635	0.3228	0.3644	0.1832	0.0253	0.0641	0.2661	0.2428	0.0755	0.1721	0.2079	-0.0099	0.3372	0.3165	0.2619	0.1429	0.5367	0.4520	1	0.5183	0.5127	-0.0312	-0.0163	-0.0884	0.0166	0.0090	-0.1329	-0.0944	-0.1140	0.0437	-0.0911	-0.1379	-0.1790	-0.1147	-0.1189	-0.0953
-0.0959	-0.0801	-0.0879	0.3151	0.3453	0.4115	0.3659	0.2530	0.3834	0.4231	0.2549	0.2247	0.2833	0.3763	0.0758	0.3645	0.4314	0.2994	0.2833	0.3890	0.4538	0.5183	1	0.5555	-0.0383	0.0610	0.0563	0.0644	0.1394	-0.0024	0.0402	0.0100	0.1036	0.0259	-0.0097	-0.0171	0.0287	0.0124	0.0258
-0.0986	-0.0855	-0.0812	0.2381	0.3584	0.4097	0.3252	0.1107	0.2096	0.1410	0.3702	0.0821	0.1883	0.3035	0.1738	0.2868	0.3327	0.3517	0.2165	0.3707	0.3710	0.5127	0.5555	1	-0.0909	-0.0141	0.0037	-0.0639	0.0177	-0.1086	-0.0525	-0.0953	0.0086	-0.0158	-0.0692	-0.1245	-0.0811	-0.0318	-0.0476
-0.0578	0.0497	-0.0431	-0.1307	-0.1235	-0.1302	-0.1205	-0.1563	-0.1095	-0.0819	-0.1710	-0.1272	-0.1289	-0.0627	-0.1106	-0.0547	-0.1184	-0.1185	-0.0577	-0.1218	-0.1053	-0.0312	-0.0383	-0.0909	1	0.1023	0.0350	0.0804	0.0701	-0.0558	-0.0524	-0.0537	0.0041	-0.0600	-0.0006	0.1053	0.0329	0.0412	0.0299
-0.0764	-0.1368	0.0717	-0.1254	-0.0491	-0.0879	-0.1283	-0.1786	-0.1147	-0.0904	-0.0566	-0.0842	-0.0055	0.0749	0.0835	0.0197	-0.1270	-0.0945	0.0601	-0.0282	0.0125	-0.0163	0.0610	-0.0141	0.1023	1	0.6029	0.4625	0.2126	0.1552	0.0854	0.0577	0.1952	-0.0000	-0.0251	-0.0357	-0.0932	0.0848	-0.0754
-0.0524	-0.1051	0.0612	-0.0615	-0.0539	-0.0717	-0.0350	-0.1637	-0.0076	-0.0743	-0.1612	-0.0829	-0.1223	-0.0198	0.0480	0.0628	-0.0743	-0.0139	0.0290	-0.1356	-0.0924	-0.0884	0.0563	0.0037	0.0350	0.6029	1	0.2987	0.2543	0.1238	0.1445	-0.0009	0.1175	0.1272	-0.0283	0.0671	-0.0175	0.0231	-0.0027
-0.0873	-0.1211	-0.0634	0.0019	-0.0510	-0.0749	-0.0273	0.0505	-0.0256	0.0239	0.0110	0.0168	0.0787	-0.0192	0.1492	-0.0230	-0.0107	-0.0138	-0.0524	-0.1272	-0.1033	0.0166	0.0644	-0.0639	0.0804	0.4625	0.2987	1	0.2300	0.1965	0.0561	0.0471	0.2070	0.0651	0.1224	0.0911	-0.0827	0.1288	-0.0837
-0.0717	-0.1285	-0.0801	0.1352	-0.0143	-0.1048	-0.0180	-0.1615	-0.0281	0.1305	-0.1937	-0.1440	-0.1416	-0.0561	-0.1253	-0.0906	-0.0688	-0.1132	-0.1192	-0.0844	-0.0072	0.0090	0.1394	0.0177	0.0701	0.2126	0.2543	0.2300	1	0.1039	0.1248	0.2601	0.1700	0.0761	0.0016	-0.0524	0.0253	0.1472	-0.0085
0.0267	-0.1191	-0.0667	-0.0374	-0.1499	-0.1507	-0.1470	-0.1799	-0.0552	-0.1457	-0.2036	-0.1569	-0.1246	-0.1352	0.0618	-0.1076	-0.1666	-0.1401	-0.1404	-0.1591	-0.1089	-0.1329	-0.0024	-0.1086	-0.0558	0.1552	0.1238	0.1965	0.1039	1	0.3821	0.1389	0.2315	-0.0460	0.0016	-0.0281	-0.0762	0.0270	-0.0476
0.2960	-0.0838	-0.0527	-0.0490	-0.1160	-0.1194	-0.1081	-0.1551	-0.0275	-0.0798	-0.1723	-0.1260	-0.1181	-0.0721	0.0226	-0.0299	-0.1171	-0.1073	-0.1045	-0.1177	-0.0366	-0.0944	0.0402	-0.0525	-0.0524	0.0854	0.1445	0.0561	0.1248	0.3821	1	0.0522	0.1904	0.0193	-0.0726	0.0642	-0.0702	-0.0257	0.0448
-0.0548	-0.1034	-0.0580	-0.0548	-0.1325	-0.1498	-0.1445	-0.1818	-0.1197	-0.0772	-0.0854	-0.1514	-0.1571	-0.0692	-0.1300	-0.0624	-0.1389	-0.0622	-0.0700	-0.0142	-0.1111	-0.1140	0.0100	-0.0953	-0.0537	0.0577	-0.0009	0.0471	0.2601	0.1389	0.0522	1	0.0342	-0.0021	0.0160	-0.0486	0.0439	0.1882	0.1016
-0.0602	-0.1148	-0.0834	0.0172	0.0306	-0.0103	-0.0265	-0.0290	0.0447	0.0746	0.0598	0.0262	0.2447	0.0186	0.0305	0.0600	-0.0248	0.1540	0.0781	0.0087	0.1342	0.0437	0.1036	0.0086	0.0041	0.1952	0.1175	0.2070	0.1700	0.2315	0.1904	0.0342	1	0.1568	0.0010	-0.0784	-0.0223	0.0802	0.0897
-0.0636	-0.0818	-0.0616	0.0201	-0.0198	-0.1053	-0.0025	-0.1300	-0.0002	0.0415	-0.1588	-0.0088	-0.1184	-0.0991	-0.1147	0.0231	-0.0113	-0.0284	-0.0025	-0.1238	-0.0319	-0.0911	0.0259	-0.0158	-0.0600	-0.0000	0.1272	0.0651	0.0761	-0.0460	0.0193	-0.0021	0.1568	1	0.1530	0.1310	-0.0508	0.1301	0.0983
-0.0867	-0.0969	-0.0611	-0.1525	-0.0653	-0.1632	-0.0232	-0.1568	-0.0257	-0.0904	-0.2236	-0.0827	-0.1621	-0.0858	-0.1580	-0.0707	-0.0820	-0.1432	-0.0878	-0.1717	-0.1384	-0.1379	-0.0097	-0.0692	-0.0006	-0.0251	-0.0283	0.1224	0.0016	0.0016	-0.0726	0.0160	0.0010	0.1530	1	0.7633	0.2508	0.3972	0.0831
-0.0481	-0.1161	-0.0810	-0.2029	-0.1562	-0.2101	-0.1624	-0.2675	-0.1376	-0.1910	-0.2886	-0.1769	-0.2418	-0.1581	-0.1810	-0.1302	-0.1720	-0.1873	-0.0241	-0.2234	-0.1669	-0.1790	-0.0171	-0.1245	0.1053	-0.0357	0.0671	0.0911	-0.0524	-0.0281	0.0642	-0.0486	-0.0784	0.1310	0.7633	1	0.2461	0.2089	0.1138
-0.0796	-0.0591	-0.0715	-0.1131	-0.0978	-0.0348	-0.0664	-0.1378	-0.0062	-0.1007	-0.2148	-0.0424	-0.1385	-0.1149	-0.1772	-0.0803	0.0312	-0.1283	-0.1162	-0.1426	-0.1196	-0.1147	0.0287	-0.0811	0.0329	-0.0932	-0.0175	-0.0827	0.0253	-0.0762	-0.0702	0.0439	-0.0223	-0.0508	0.2508	0.2461	1	0.1439	0.1169
-0.0783	-0.1039	0.0497	-0.1394	-0.0642	-0.1587	-0.0293	-0.0789	-0.0728	-0.0924	-0.2021	-0.0975	-0.1440	-0.0405	-0.1442	-0.0686	-0.0933	-0.0850	-0.1260	-0.1460	-0.1258	-0.1189	0.0124	-0.0318	0.0412	0.0848	0.0231	0.1288	0.1472	0.0270	-0.0257	0.1882	0.0802	0.1301	0.3972	0.2089	0.1439	1	0.0291
-0.0416	0.0408	-0.0557	-0.1090	-0.0447	-0.1155	-0.0960	-0.1491	-0.0214	-0.0720	-0.1698	-0.1183	-0.1273	-0.0695	-0.1278	-0.0231	-0.1029	-0.0547	-0.1022	-0.1117	-0.0910	-0.0953	0.0258	-0.0476	0.0299	-0.0754	-0.0027	-0.0837	-0.0085	-0.0476	0.0448	0.1016	0.0897	0.0983	0.0831	0.1138	0.1169	0.0291	1
